#onoff#source gal        150717.9 -581742.0 0000.0 2024.263.10:51:34
#onoff#site   tallarook 145.1247 -37.1406 3.00 xxxx 0  0.00  0.00
#onoff#onoff  10 32 2u 3u 0 60 10 10 0.0704 0.0704 1 1
#onoff#origin 0.0000 0.0000 0.0000 0.0000 0.0000 0.0000
#onoff#on  1  75106.62 0 0 33356.75 35468.09 28334.31   63.85 538.44  53.23 
#onoff#on  1  75106.62 0 0 22742.75 17389.03    34.00   53.30  37.71  00.00 
#onoff#on  1  75106.62 0 0    32.00    24.00    19.00   00.00  00.00  00.00 
#onoff#off 1  75120.14 0 0 33341.44 35447.25 28313.81  73.10 70.80 53.53 
#onoff#off 1  75120.14 0 0 22726.41 17385.38 34.00  36.93 24.24 00.00 
#onoff#off 1  75120.14 0 0 32.00 24.00 19.00  00.00 00.00 00.00 
#onoff#cal 1  75133.48 0 0 33361.03 35430.66 28325.12  72.85 267.40 51.37 
#onoff#cal 1  75133.48 0 0 22733.44 17388.56 34.00  46.03 36.67 00.00 
#onoff#cal 1  75133.48 0 0 32.00 24.00 19.00  00.00 00.00 00.00 
#onoff#on  2  75147.54 0 0 33302.03 34015.69 28302.00   58.16  59.86  58.05 
#onoff#on  2  75147.54 0 0 22712.47 17389.69    34.00   33.87  35.64  00.00 
#onoff#on  2  75147.54 0 0    32.00    24.00    19.00   00.00  00.00  00.00 
#onoff#off 2  75160.96 0 0 33321.97 34035.41 28302.84  53.97 72.13 58.60 
#onoff#off 2  75160.96 0 0 22720.22 17398.72 34.00  38.43 25.60 00.00 
#onoff#off 2  75160.96 0 0 32.00 24.00 19.00  00.00 00.00 00.00 
#onoff#cal 2  75174.39 0 0 33254.41 34016.50 28287.41  74.07 65.63 66.51 
#onoff#cal 2  75174.39 0 0 22712.47 17390.88 34.00  44.05 35.54 00.00 
#onoff#cal 2  75174.39 0 0 32.00 24.00 19.00  00.00 00.00 00.00 
#onoff#on  3  75188.4  0 0 33309.94 34028.44 28311.53   73.83  44.91  48.74 
#onoff#on  3  75188.4  0 0 22729.59 17392.88    34.00   32.19  32.18  00.00 
#onoff#on  3  75188.4  0 0    32.00    24.00    19.00   00.00  00.00  00.00 
#onoff#off 3  75201.99 0 0 33307.28 34032.88 28314.16  71.03 67.02 52.14 
#onoff#off 3  75201.99 0 0 22733.44 17412.84 34.00  38.00 32.55 00.00 
#onoff#off 3  75201.99 0 0 32.00 24.00 19.00  00.00 00.00 00.00 
#onoff#cal 3  75215.55 0 0 33378.88 34117.03 28396.62  77.89 67.65 83.59 
#onoff#cal 3  75215.55 0 0 22816.69 17448.19 34.00  64.45 49.23 00.00 
#onoff#cal 3  75215.55 0 0 32.00 24.00 19.00  00.00 00.00 00.00 
#onoff#on  4  75229.35 0 0 33419.22 34141.56 28418.19   66.68  73.57  64.31 
#onoff#on  4  75229.35 0 0 22845.47 17478.44    34.00   52.50  30.33  00.00 
#onoff#on  4  75229.35 0 0    32.00    24.00    19.00   00.00  00.00  00.00 
#onoff#off 4  75242.75 0 0 33432.31 34176.75 28456.81  72.19 75.34 61.26 
#onoff#off 4  75242.75 0 0 22882.91 17503.12 34.00  67.91 32.64 00.00 
#onoff#off 4  75242.75 0 0 32.00 24.00 19.00  00.00 00.00 00.00 
#onoff#cal 4  75256.2  0 0 33457.19 34177.78 28477.25  67.42 63.38 76.78 
#onoff#cal 4  75256.2  0 0 22850.56 17485.66 34.00  48.64 44.84 00.00 
#onoff#cal 4  75256.2  0 0 32.00 24.00 19.00  00.00 00.00 00.00 
#onoff#on  5  75270.04 0 0 33472.38 34211.97 28496.31   67.09  79.52  70.64 
#onoff#on  5  75270.04 0 0 22894.66 17513.72    34.00   48.40  36.26  00.00 
#onoff#on  5  75270.04 0 0    32.00    24.00    19.00   00.00  00.00  00.00 
#onoff#off 5  75284.07 0 0 33532.19 34253.59 28517.81  66.07 65.72 59.79 
#onoff#off 5  75284.07 0 0 22894.56 17521.00 34.00  65.31 27.76 00.00 
#onoff#off 5  75284.07 0 0 32.00 24.00 19.00  00.00 00.00 00.00 
#onoff#cal 5  75297.6  0 0 33525.69 34256.31 28513.31  62.73 87.44 63.76 
#onoff#cal 5  75297.6  0 0 22913.28 17522.03 34.00  59.09 39.54 00.00 
#onoff#cal 5  75297.62 0 0 32.00 24.00 19.00  00.00 00.00 00.00 
#onoff#on  6  75311.58 0 0 33561.09 34223.34 28513.31   53.41  71.96  64.49 
#onoff#on  6  75311.58 0 0 22884.25 17515.25    34.00   61.49  42.57  00.00 
#onoff#on  6  75311.58 0 0    32.00    24.00    19.00   00.00  00.00  00.00 
#onoff#off 6  75325.18 0 0 33552.97 34266.75 28543.59  72.69 82.23 72.44 
#onoff#off 6  75325.18 0 0 22919.31 17536.47 34.00  48.16 30.30 00.00 
#onoff#off 6  75325.18 0 0 32.00 24.00 19.00  00.00 00.00 00.00 
#onoff#cal 6  75338.6  0 0 33566.66 34292.41 28560.88  63.32 66.99 63.45 
#onoff#cal 6  75338.6  0 0 22918.72 17530.66 33.97  63.58 35.42 00.17 
#onoff#cal 6  75338.6  0 0 32.00 24.00 19.00  00.00 00.00 00.00 
#onoff#on  7  75352.61 0 0 33564.53 34277.19 28546.62   79.18  59.55  49.29 
#onoff#on  7  75352.61 0 0 22888.78 17530.12    34.00   49.04  34.61  00.00 
#onoff#on  7  75352.61 0 0    32.00    24.00    19.00   00.00  00.00  00.00 
#onoff#off 7  75366.19 0 0 33625.75 34273.94 28549.38  72.67 61.10 56.85 
#onoff#off 7  75366.19 0 0 22907.91 17526.56 33.97  54.13 35.97 00.17 
#onoff#off 7  75366.19 0 0 32.00 24.00 19.00  00.00 00.00 00.00 
#onoff#cal 7  75379.62 0 0 33600.97 34283.75 28561.41  79.00 65.59 58.54 
#onoff#cal 7  75379.62 0 0 22906.28 17532.19 34.00  49.39 29.39 00.00 
#onoff#cal 7  75379.62 0 0 32.00 24.00 19.00  00.00 00.00 00.00 
#onoff#on  8  75393.54 0 0 33618.06 34304.16 28535.47   71.79  64.22  56.99 
#onoff#on  8  75393.54 0 0 22898.00 17538.78    34.00   38.72  23.22  00.00 
#onoff#on  8  75393.54 0 0    32.00    24.00    19.00   00.00  00.00  00.00 
#onoff#off 8  75406.99 0 0 33588.75 34293.41 28530.00  58.27 68.37 56.70 
#onoff#off 8  75406.99 0 0 22896.44 17541.78 34.00  42.79 31.31 00.00 
#onoff#off 8  75406.99 0 0 32.00 24.00 19.00  00.00 00.00 00.00 
#onoff#cal 8  75420.47 0 0 33588.81 34305.88 28547.31  61.74 55.73 63.33 
#onoff#cal 8  75420.47 0 0 22916.81 17538.56 34.00  41.90 29.98 00.00 
#onoff#cal 8  75420.47 0 0 32.00 24.00 19.00  00.00 00.00 00.00 
#onoff#on  9  75434.33 0 0 33653.09 34366.78 28609.41   60.71  64.68  67.36 
#onoff#on  9  75434.33 0 0 22968.34 17568.62    34.00   66.37  35.64  00.00 
#onoff#on  9  75434.33 0 0    32.00    24.00    19.00   00.00  00.00  00.00 
#onoff#off 9  75447.78 0 0 33638.66 34339.81 28611.25  64.23 87.40 73.36 
#onoff#off 9  75447.78 0 0 22969.47 17561.59 34.00  56.02 39.26 00.00 
#onoff#off 9  75447.78 0 0 32.00 24.00 19.00  00.00 00.00 00.00 
#onoff#cal 9  75461.34 0 0 33652.78 34359.81 28622.16  67.09 71.86 80.30 
#onoff#cal 9  75461.34 0 0 22983.16 17569.38 34.00  48.49 34.61 00.00 
#onoff#cal 9  75461.34 0 0 32.00 24.00 19.00  00.00 00.00 00.00 
#onoff#on  10 75475.79 0 0 33670.62 34342.44 28584.72   59.99  69.83  64.06 
#onoff#on  10 75475.79 0 0 22953.34 17572.59    34.00   60.12  36.59  00.00 
#onoff#on  10 75475.79 0 0    32.00    24.00    19.00   00.00  00.00  00.00 
#onoff#off 10 75489.29 0 0 33712.78 34414.41 28644.56  50.00 74.56 83.61 
#onoff#off 10 75489.29 0 0 22996.28 17592.28 34.00  61.84 36.68 00.00 
#onoff#off 10 75489.29 0 0 32.00 24.00 19.00  00.00 00.00 00.00 
#onoff#cal 10 75503.76 0 0 33694.94 34391.84 28641.31  56.41 84.00 61.32 
#onoff#cal 10 75503.76 0 0 22985.41 17590.44 34.00  52.45 35.65 00.00 
#onoff#cal 10 75503.76 0 0 32.00 24.00 19.00  00.00 00.00 00.00 
#onoff#sefd              219.44 35.07 0.00  0.00   0.00  0.00  
#onoff#sefd              219.44 35.07 0.00  0.00   0.00  0.00  
#onoff#sefd              219.44 35.07 0.00  0.00   0.00  0.00  
#onoff#sefd              219.44 35.07 0.00  0.00   0.00  0.00  
#onoff#sefd              219.44 35.07 0.00   0.00  
#onoff#fluxsrc  gal      219.44 35.07 0.00  0.00   0.00  0.00  
#onoff#fluxsrc  gal      219.44 35.07 0.00  0.00   0.00  0.00  
#onoff#fluxsrc  gal      219.44 35.07 0.00  -0.80  0.00  0.40  
#onoff#fluxsrc  gal      219.44 35.07 -1.00 -1.00  0.00  0.00  
#onoff#fluxsrc  gal      219.44 35.07 -1.00  0.00  
