#onoff#source gal        150719.6 -581743.5 0000.0 2024.263.10:44:34
#onoff#site   tallarook 145.1247 -37.1406 3.00 xxxx 0  0.00  0.00
#onoff#onoff  10 32 2u 3u 0 60 10 10 0.0704 0.0704 1 1
#onoff#origin 0.0000 0.0000 0.0000 0.0000 0.0000 0.0000
#onoff#on  1  74687.45 0 0 33424.31 36274.19 28340.84   66.73 102.54  67.58 
#onoff#on  1  74687.45 0 0 22695.16 17381.41    34.00   39.61  25.94  00.00 
#onoff#on  1  74687.45 0 0    32.00    24.00    19.00   00.00  00.00  00.00 
#onoff#off 1  74701.21 0 0 33424.09 36031.66 28359.56  63.36 131.15 51.86 
#onoff#off 1  74701.21 0 0 22702.69 17390.00 34.00  49.62 34.06 00.00 
#onoff#off 1  74701.21 0 0 32.00 24.00 19.00  00.00 00.00 00.00 
#onoff#cal 1  74714.44 0 0 33380.53 35829.50 28340.88  50.12 76.32 47.07 
#onoff#cal 1  74714.44 0 0 22693.53 17375.28 34.00  50.79 32.46 00.00 
#onoff#cal 1  74714.44 0 0 32.00 24.00 19.00  00.00 00.00 00.00 
#onoff#on  2  74728.3  0 0 33435.53 35879.19 28350.53   65.13  70.24  63.34 
#onoff#on  2  74728.3  0 0 22718.69 17381.97    34.00   45.79  38.44  00.00 
#onoff#on  2  74728.3  0 0    32.00    24.00    19.00   00.00  00.00  00.00 
#onoff#off 2  74741.9  0 0 33419.84 35663.44 28390.06  79.25 599.85 61.21 
#onoff#off 2  74741.9  0 0 22729.03 17393.41 34.00  44.12 42.15 00.00 
#onoff#off 2  74741.9  0 0 32.00 24.00 19.00  00.00 00.00 00.00 
#onoff#cal 2  74755.23 0 0 33367.09 34097.09 28405.94  82.94 79.36 72.01 
#onoff#cal 2  74755.23 0 0 22746.97 17404.12 34.00  57.92 36.09 00.00 
#onoff#cal 2  74755.23 0 0 32.00 24.00 19.00  00.00 00.00 00.00 
#onoff#on  3  74769.15 0 0 33344.94 34081.34 28358.12   80.15  70.27  67.71 
#onoff#on  3  74769.15 0 0 22755.16 17398.31    34.00   43.59  31.39  00.00 
#onoff#on  3  74769.15 0 0    32.00    24.00    19.00   00.00  00.00  00.00 
#onoff#off 3  74782.69 0 0 33404.16 35204.44 28394.16  76.87 793.54 71.78 
#onoff#off 3  74782.69 0 0 22771.94 17410.81 34.00  47.68 34.45 00.00 
#onoff#off 3  74782.69 0 0 32.03 24.00 19.00  00.17 00.00 00.00 
#onoff#cal 3  74796.13 0 0 33446.66 35762.53 28396.22  55.98 73.93 66.80 
#onoff#cal 3  74796.13 0 0 22758.78 17416.62 34.00  58.45 41.03 00.00 
#onoff#cal 3  74796.13 0 0 32.03 24.00 19.00  00.17 00.00 00.00 
#onoff#on  4  74810.06 0 0 33452.84 35797.94 28411.34   89.34  87.47  59.07 
#onoff#on  4  74810.06 0 0 22787.41 17422.06    34.00   51.04  34.60  00.00 
#onoff#on  4  74810.06 0 0    32.03    24.00    19.00   00.17  00.00  00.00 
#onoff#off 4  74823.67 0 0 33350.59 34243.62 28377.16  62.52 503.24 64.20 
#onoff#off 4  74823.67 0 0 22754.12 17406.56 34.00  61.12 34.62 00.00 
#onoff#off 4  74823.67 0 0 32.00 24.00 19.00  00.00 00.00 00.00 
#onoff#cal 4  74837.23 0 0 33387.69 34119.62 28385.00  64.35 73.55 55.20 
#onoff#cal 4  74837.23 0 0 22764.25 17404.53 34.00  58.49 35.74 00.00 
#onoff#cal 4  74837.23 0 0 32.00 24.00 19.00  00.00 00.00 00.00 
#onoff#on  5  74851.15 0 0 33367.81 34074.03 28358.72   81.63  81.55  70.52 
#onoff#on  5  74851.15 0 0 22761.81 17405.25    34.00   48.64  31.60  00.00 
#onoff#on  5  74851.15 0 0    32.00    24.00    19.00   00.00  00.00  00.00 
#onoff#off 5  74864.69 0 0 33359.19 34093.53 28385.56  66.57 70.23 64.37 
#onoff#off 5  74864.69 0 0 22791.88 17424.09 34.00  59.27 39.82 00.00 
#onoff#off 5  74864.69 0 0 32.00 24.00 19.00  00.00 00.00 00.00 
#onoff#cal 5  74878.08 0 0 33366.25 34126.59 28394.56  60.33 72.52 66.65 
#onoff#cal 5  74878.08 0 0 22776.59 17419.72 34.00  61.40 31.80 00.00 
#onoff#cal 5  74878.08 0 0 32.00 24.00 19.00  00.00 00.00 00.00 
#onoff#on  6  74891.94 0 0 33340.19 34125.88 28396.66   74.44  76.00  71.13 
#onoff#on  6  74891.95 0 0 22780.09 17428.34    34.00   55.86  38.03  00.00 
#onoff#on  6  74891.95 0 0    32.00    24.00    19.00   00.00  00.00  00.00 
#onoff#off 6  74905.34 0 0 33302.84 34080.12 28351.75  69.48 54.30 64.42 
#onoff#off 6  74905.34 0 0 22757.31 17413.50 34.00  51.18 35.05 00.00 
#onoff#off 6  74905.34 0 0 32.03 24.00 19.00  00.17 00.00 00.00 
#onoff#cal 6  74918.98 0 0 33368.47 35075.59 28370.44  85.19 1028.30 62.32 
#onoff#cal 6  74918.98 0 0 22734.47 17404.03 34.00  38.12 33.84 00.00 
#onoff#cal 6  74918.98 0 0 32.00 24.00 19.00  00.00 00.00 00.00 
#onoff#on  7  74932.73 0 0 33404.44 36012.12 28323.19   63.95  73.59  41.55 
#onoff#on  7  74932.73 0 0 22739.91 17407.62    34.00   38.38  35.48  00.00 
#onoff#on  7  74932.73 0 0    32.00    24.00    19.00   00.00  00.00  00.00 
#onoff#off 7  74946.07 0 0 33409.03 35950.94 28359.53  56.46 93.56 51.25 
#onoff#off 7  74946.07 0 0 22739.81 17404.59 34.00  46.53 40.95 00.00 
#onoff#off 7  74946.07 0 0 32.00 24.00 19.00  00.00 00.00 00.00 
#onoff#cal 7  74959.52 0 0 33315.81 34537.31 28315.84  66.85 816.55 71.25 
#onoff#cal 7  74959.52 0 0 22723.44 17396.25 34.00  40.60 35.29 00.00 
#onoff#cal 7  74959.52 0 0 32.00 24.00 19.00  00.00 00.00 00.00 
#onoff#on  8  74973.46 0 0 33293.16 34028.75 28334.41   67.92  82.07  48.81 
#onoff#on  8  74973.46 0 0 22741.66 17402.41    34.00   40.07  40.67  00.00 
#onoff#on  8  74973.46 0 0    32.00    24.00    19.00   00.00  00.00  00.00 
#onoff#off 8  74986.92 0 0 33305.22 34017.72 28329.81  64.79 54.53 71.01 
#onoff#off 8  74986.94 0 0 22720.72 17384.28 34.00  40.78 28.86 00.00 
#onoff#off 8  74986.94 0 0 32.00 24.00 19.00  00.00 00.00 00.00 
#onoff#cal 8  75000.59 0 0 33292.00 34026.28 28321.16  77.33 68.14 41.36 
#onoff#cal 8  75000.59 0 0 22732.91 17384.62 34.00  42.94 37.62 00.00 
#onoff#cal 8  75000.59 0 0 32.00 24.00 19.00  00.00 00.00 00.00 
#onoff#on  9  75014.56 0 0 33314.91 34025.06 28317.97   86.19  54.88  56.49 
#onoff#on  9  75014.56 0 0 22726.81 17399.53    34.00   41.03  29.91  00.00 
#onoff#on  9  75014.56 0 0    32.00    24.00    19.00   00.00  00.00  00.00 
#onoff#off 9  75027.94 0 0 33331.19 34058.34 28341.50  56.16 67.38 59.36 
#onoff#off 9  75027.94 0 0 22752.81 17415.47 34.00  45.77 37.88 00.00 
#onoff#off 9  75027.94 0 0 32.00 24.00 19.00  00.00 00.00 00.00 
#onoff#cal 9  75041.4  0 0 33305.28 34040.88 28326.16  59.31 65.90 45.65 
#onoff#cal 9  75041.4  0 0 22721.81 17409.84 34.00  41.93 31.63 00.00 
#onoff#cal 9  75041.4  0 0 32.03 24.00 19.00  00.17 00.00 00.00 
#onoff#on  10 75055.75 0 0 33324.00 34079.62 28385.47   72.94 101.90  67.07 
#onoff#on  10 75055.75 0 0 22787.91 17428.19    34.00   55.21  32.96  00.00 
#onoff#on  10 75055.75 0 0    32.00    24.00    19.00   00.00  00.00  00.00 
#onoff#off 10 75069.09 0 0 33328.22 34070.84 28379.50  78.28 65.48 61.23 
#onoff#off 10 75069.09 0 0 22781.78 17417.47 34.00  58.35 23.73 00.00 
#onoff#off 10 75069.09 0 0 32.00 24.00 19.00  00.00 00.00 00.00 
#onoff#cal 10 75082.4  0 0 33306.59 34061.34 28357.81  59.37 75.04 75.33 
#onoff#cal 10 75082.4  0 0 22767.78 17410.28 34.00  60.54 40.69 00.00 
#onoff#cal 10 75082.4  0 0 32.00 24.00 19.00  00.00 00.00 00.00 
#onoff#sefd              219.73 35.96 0.00  0.00   0.00  0.00  
#onoff#sefd              219.73 35.96 0.00  0.00   0.00  0.00  
#onoff#sefd              219.73 35.96 0.00  0.00   0.00  0.00  
#onoff#sefd              219.73 35.96 0.00  0.00   0.00  0.00  
#onoff#sefd              219.73 35.96 0.00   0.00  
#onoff#fluxsrc  gal      219.73 35.96 0.00  0.00   0.00  0.00  
#onoff#fluxsrc  gal      219.73 35.96 0.00  0.00   0.00  0.00  
#onoff#fluxsrc  gal      219.73 35.96 0.00  -1.00  0.00  0.00  
#onoff#fluxsrc  gal      219.73 35.96 -0.80 -1.00  0.40  0.00  
#onoff#fluxsrc  gal      219.73 35.96 -1.00  0.00  
