#onoff#source gal        184229.5 -042309.6 0000.0 2024.263.10:10:05
#onoff#site   tallarook 145.1247 -37.1406 3.00 xxxx 0  0.00  0.00
#onoff#onoff  10 32 2u 3u 0 60 10 10 0.0704 0.0704 1 1
#onoff#origin 0.0000 0.0000 0.0000 0.0000 0.0000 0.0000
#onoff#on  1  72618.66 0 0 34081.62 34806.47 29124.47   63.48  52.91  64.48 
#onoff#on  1  72618.66 0 0 23405.78 17886.50    33.34   40.42  32.80  00.47 
#onoff#on  1  72618.66 0 0    32.00    23.78    19.00   00.00  00.41  00.00 
#onoff#off 1  72632.57 0 0 34081.25 34831.97 29134.59  70.60 57.22 52.76 
#onoff#off 1  72632.57 0 0 23421.78 17892.72 33.56  60.41 34.40 00.50 
#onoff#off 1  72632.57 0 0 32.00 23.81 19.00  00.00 00.39 00.00 
#onoff#cal 1  72646.52 0 0 34067.47 34835.16 29135.50  67.49 70.07 58.40 
#onoff#cal 1  72646.52 0 0 23408.56 17888.03 33.53  48.90 34.44 00.50 
#onoff#cal 1  72646.52 0 0 32.00 23.94 19.00  00.00 00.24 00.00 
#onoff#on  2  72660.78 0 0 34067.66 34834.31 29140.28   65.88  63.71  49.98 
#onoff#on  2  72660.78 0 0 23417.94 17894.53    33.47   52.74  41.55  00.50 
#onoff#on  2  72660.78 0 0    32.00    23.78    19.00   00.00  00.41  00.00 
#onoff#off 2  72675.18 0 0 34073.69 34799.84 29129.66  64.27 59.85 50.51 
#onoff#off 2  72675.18 0 0 23424.19 17875.00 33.38  52.15 33.09 00.48 
#onoff#off 2  72675.18 0 0 32.00 23.84 19.00  00.00 00.36 00.00 
#onoff#cal 2  72689.18 0 0 34068.81 34820.25 29140.34  59.19 50.80 57.62 
#onoff#cal 2  72689.18 0 0 23422.22 17893.41 33.50  47.04 39.23 00.50 
#onoff#cal 2  72689.18 0 0 32.00 23.91 19.00  00.00 00.29 00.00 
#onoff#on  3  72703.86 0 0 34073.34 34809.03 29138.75   81.78  51.29  57.88 
#onoff#on  3  72703.86 0 0 23409.81 17893.50    33.44   47.04  30.64  00.50 
#onoff#on  3  72703.86 0 0    32.00    23.84    19.00   00.00  00.36  00.00 
#onoff#off 3  72718.31 0 0 34057.41 34860.31 29156.59  59.10 56.22 53.73 
#onoff#off 3  72718.31 0 0 23426.59 17899.28 33.44  35.76 37.55 00.50 
#onoff#off 3  72718.31 0 0 32.00 23.81 19.00  00.00 00.39 00.00 
#onoff#cal 3  72732.23 0 0 34073.25 34798.56 29169.00  83.62 76.32 63.92 
#onoff#cal 3  72732.23 0 0 23439.09 17897.69 33.31  37.22 45.82 00.46 
#onoff#cal 3  72732.25 0 0 32.00 23.91 19.00  00.00 00.29 00.00 
#onoff#on  4  72746.92 0 0 34064.62 34829.22 29172.78   71.50  71.79  54.03 
#onoff#on  4  72746.92 0 0 23437.78 17926.28    33.75   41.74  32.43  00.43 
#onoff#on  4  72746.92 0 0    32.00    23.94    19.00   00.00  00.24  00.00 
#onoff#off 4  72761.27 0 0 34072.94 34854.69 29170.47  73.32 64.95 60.63 
#onoff#off 4  72761.27 0 0 23454.19 17914.41 33.56  41.30 35.98 00.50 
#onoff#off 4  72761.27 0 0 32.00 23.84 19.00  00.00 00.36 00.00 
#onoff#cal 4  72775.18 0 0 34082.59 34833.28 29180.53  67.51 63.65 56.38 
#onoff#cal 4  72775.18 0 0 23448.59 17927.44 33.81  49.07 38.81 00.39 
#onoff#cal 4  72775.18 0 0 32.00 23.94 19.00  00.00 00.24 00.00 
#onoff#on  5  72789.85 0 0 34103.06 34877.81 29224.62   68.99  82.56  54.35 
#onoff#on  5  72789.85 0 0 23476.56 17937.56    33.88   45.18  32.84  00.33 
#onoff#on  5  72789.85 0 0    32.00    23.97    19.00   00.00  00.17  00.00 
#onoff#off 5  72804.15 0 0 34128.31 34899.50 29232.19  61.82 72.91 70.11 
#onoff#off 5  72804.15 0 0 23472.50 17919.06 33.84  41.12 34.33 00.36 
#onoff#off 5  72804.15 0 0 32.00 23.97 19.00  00.00 00.17 00.00 
#onoff#cal 5  72818.17 0 0 34122.53 34913.50 29235.06  64.64 69.65 72.46 
#onoff#cal 5  72818.17 0 0 23467.97 17931.69 33.75  47.38 36.81 00.43 
#onoff#cal 5  72818.17 0 0 32.00 24.00 19.00  00.00 00.00 00.00 
#onoff#on  6  72832.66 0 0 34143.84 34882.88 29227.28   66.88  59.79  60.76 
#onoff#on  6  72832.66 0 0 23461.19 17935.56    33.62   48.11  34.30  00.48 
#onoff#on  6  72832.66 0 0    32.00    23.91    19.00   00.00  00.29  00.00 
#onoff#off 6  72846.78 0 0 34148.28 34908.53 29239.69  66.86 80.21 57.87 
#onoff#off 6  72846.78 0 0 23485.38 17937.78 33.69  37.94 34.90 00.46 
#onoff#off 6  72846.78 0 0 32.00 23.94 19.00  00.00 00.24 00.00 
#onoff#cal 6  72860.79 0 0 34175.00 34910.78 29236.62  52.24 63.69 48.46 
#onoff#cal 6  72860.79 0 0 23486.34 17943.69 33.56  49.95 31.36 00.50 
#onoff#cal 6  72860.79 0 0 32.00 23.94 19.00  00.00 00.24 00.00 
#onoff#on  7  72875.3  0 0 34163.94 34930.72 29254.16   74.60  84.12  49.94 
#onoff#on  7  72875.3  0 0 23481.31 17941.78    33.75   47.49  34.22  00.43 
#onoff#on  7  72875.3  0 0    32.00    23.94    19.00   00.00  00.24  00.00 
#onoff#off 7  72889.49 0 0 34152.50 34925.00 29219.81  75.29 62.25 59.51 
#onoff#off 7  72889.49 0 0 23475.62 17943.09 33.69  43.24 30.99 00.46 
#onoff#off 7  72889.49 0 0 32.00 24.00 19.00  00.00 00.00 00.00 
#onoff#cal 7  72903.63 0 0 34139.03 34914.47 29243.97  62.80 68.65 64.60 
#onoff#cal 7  72903.63 0 0 23477.62 17955.38 33.72  48.36 28.95 00.45 
#onoff#cal 7  72903.63 0 0 32.00 23.97 19.00  00.00 00.17 00.00 
#onoff#on  8  72918.14 0 0 34136.41 34905.16 29238.66   60.71  62.80  62.28 
#onoff#on  8  72918.14 0 0 23484.88 17939.47    33.78   35.09  34.78  00.41 
#onoff#on  8  72918.14 0 0    32.00    24.00    19.00   00.00  00.00  00.00 
#onoff#off 8  72932.33 0 0 34140.72 34929.44 29241.66  59.67 60.72 61.35 
#onoff#off 8  72932.33 0 0 23492.91 17955.25 33.94  43.34 31.56 00.24 
#onoff#off 8  72932.33 0 0 32.00 24.00 19.00  00.00 00.00 00.00 
#onoff#cal 8  72946.18 0 0 34159.41 34933.84 29253.66  74.21 65.15 55.90 
#onoff#cal 8  72946.18 0 0 23475.38 17957.78 33.97  49.36 37.82 00.17 
#onoff#cal 8  72946.18 0 0 32.00 24.00 19.00  00.00 00.00 00.00 
#onoff#on  9  72961.2  0 0 34132.69 34929.47 29242.69   67.88  69.17  63.01 
#onoff#on  9  72961.2  0 0 23456.31 17939.81    33.78   48.57  28.16  00.41 
#onoff#on  9  72961.2  0 0    32.00    23.97    19.00   00.00  00.17  00.00 
#onoff#off 9  72975.54 0 0 34176.59 34981.34 29255.00  65.71 64.37 61.21 
#onoff#off 9  72975.54 0 0 23488.34 17951.28 33.81  41.58 35.46 00.39 
#onoff#off 9  72975.54 0 0 32.00 24.00 19.00  00.00 00.00 00.00 
#onoff#cal 9  72989.79 0 0 34151.38 34952.81 29235.69  66.83 59.95 52.11 
#onoff#cal 9  72989.79 0 0 23456.78 17942.03 33.81  44.31 37.47 00.39 
#onoff#cal 9  72989.79 0 0 32.00 24.00 19.00  00.00 00.00 00.00 
#onoff#on  10 73005.25 0 0 34167.84 34959.41 29242.88   69.94  50.72  55.85 
#onoff#on  10 73005.25 0 0 23487.06 17946.66    33.97   49.47  36.91  00.17 
#onoff#on  10 73005.25 0 0    32.00    24.00    19.00   00.00  00.00  00.00 
#onoff#off 10 73019.78 0 0 34167.69 34947.03 29230.00  63.58 70.14 60.57 
#onoff#off 10 73019.78 0 0 23431.28 17921.16 33.94  53.89 35.57 00.24 
#onoff#off 10 73019.78 0 0 32.00 24.00 19.00  00.00 00.00 00.00 
#onoff#cal 10 73033.78 0 0 34169.62 34937.94 29247.53  73.34 85.20 71.14 
#onoff#cal 10 73033.78 0 0 23463.16 17932.25 34.00  58.14 32.12 00.00 
#onoff#cal 10 73033.78 0 0 32.00 24.00 19.00  00.00 00.00 00.00 
#onoff#sefd              329.65 53.52 0.00  0.00   0.00  0.00  
#onoff#sefd              329.65 53.52 0.00  0.00   0.00  0.00  
#onoff#sefd              329.65 53.52 0.00  0.00   0.00  0.00  
#onoff#sefd              329.65 53.52 0.00  0.00   0.00  0.00  
#onoff#sefd              329.65 53.52 0.00   0.00  
#onoff#fluxsrc  gal      329.65 53.52 0.00  0.00   0.00  0.00  
#onoff#fluxsrc  gal      329.65 53.52 0.00  0.00   0.00  0.00  
#onoff#fluxsrc  gal      329.65 53.52 0.00  -0.10  0.00  0.30  
#onoff#fluxsrc  gal      329.65 53.52 -1.00 -0.40  0.00  0.49  
#onoff#fluxsrc  gal      329.65 53.52 -1.00  0.00  
