#onoff#source gal        150720.9 -581733.0 0000.0 2024.263.10:37:17
#onoff#site   tallarook 145.1247 -37.1406 3.00 xxxx 0  0.00  0.00
#onoff#onoff  10 32 2u 3u 0 60 10 10 0.0704 0.0704 1 1
#onoff#origin 0.0000 0.0000 0.0000 0.0000 0.0000 0.0000
#onoff#on  1  74249.87 0 0 33270.09 34014.00 28310.44   64.57  64.46  63.71 
#onoff#on  1  74249.87 0 0 22692.25 17365.69    33.97   45.03  32.88  00.17 
#onoff#on  1  74249.87 0 0    32.00    24.00    19.00   00.00  00.00  00.00 
#onoff#off 1  74263.07 0 0 33250.78 33985.56 28297.62  62.79 71.27 41.85 
#onoff#off 1  74263.07 0 0 22661.22 17360.34 34.00  46.28 32.00 00.00 
#onoff#off 1  74263.07 0 0 32.00 24.00 19.00  00.00 00.00 00.00 
#onoff#cal 1  74276.38 0 0 33275.44 33979.00 28291.50  66.67 59.97 53.24 
#onoff#cal 1  74276.38 0 0 22661.81 17358.16 34.00  46.44 36.98 00.00 
#onoff#cal 1  74276.38 0 0 32.00 24.00 19.00  00.00 00.00 00.00 
#onoff#on  2  74290.31 0 0 33290.53 34010.56 28322.75   59.54  69.35  58.42 
#onoff#on  2  74290.31 0 0 22679.34 17370.28    34.00   50.40  37.26  00.00 
#onoff#on  2  74290.31 0 0    32.00    24.00    19.00   00.00  00.00  00.00 
#onoff#off 2  74303.86 0 0 33273.34 34022.50 28293.94  76.43 66.90 60.25 
#onoff#off 2  74303.86 0 0 22684.66 17366.66 34.00  48.99 26.07 00.00 
#onoff#off 2  74303.86 0 0 32.00 24.00 19.00  00.00 00.00 00.00 
#onoff#cal 2  74317.31 0 0 33277.81 34015.91 28331.91  74.85 59.99 75.08 
#onoff#cal 2  74317.31 0 0 22681.56 17364.91 34.00  50.01 31.58 00.00 
#onoff#cal 2  74317.31 0 0 32.00 24.00 19.00  00.00 00.00 00.00 
#onoff#on  3  74333.48 0 0 33274.16 34007.56 28305.53   78.59  71.45  71.65 
#onoff#on  3  74333.48 0 0 22692.50 17380.12    34.00   50.31  32.60  00.00 
#onoff#on  3  74333.48 0 0    32.00    24.00    19.00   00.00  00.00  00.00 
#onoff#off 3  74349.3  0 0 33294.62 34041.03 28320.03  77.90 71.53 67.96 
#onoff#off 3  74349.3  0 0 22705.25 17383.81 34.00  53.90 33.35 00.00 
#onoff#off 3  74349.3  0 0 32.00 24.00 19.00  00.00 00.00 00.00 
#onoff#cal 3  74364.47 0 0 33327.09 34043.06 28342.12  76.24 87.37 67.96 
#onoff#cal 3  74364.47 0 0 22716.47 17374.22 34.00  50.12 34.02 00.00 
#onoff#cal 3  74364.47 0 0 32.00 24.00 19.00  00.00 00.00 00.00 
#onoff#on  4  74380.44 0 0 33308.97 34033.12 28299.94   53.76  80.62  75.50 
#onoff#on  4  74380.44 0 0 22688.88 17369.88    34.00   47.50  27.69  00.00 
#onoff#on  4  74380.44 0 0    32.00    24.00    19.00   00.00  00.00  00.00 
#onoff#off 4  74395.54 0 0 33307.47 34043.78 28340.97  73.74 70.87 68.03 
#onoff#off 4  74395.54 0 0 22715.06 17381.72 34.00  56.32 31.05 00.00 
#onoff#off 4  74395.54 0 0 32.00 24.00 19.00  00.00 00.00 00.00 
#onoff#cal 4  74408.91 0 0 33304.84 34044.03 28295.84  68.88 78.28 63.56 
#onoff#cal 4  74408.91 0 0 22674.25 17371.44 34.00  53.43 38.15 00.00 
#onoff#cal 4  74408.91 0 0 32.00 24.00 19.00  00.00 00.00 00.00 
#onoff#on  5  74422.94 0 0 33308.78 34055.38 28327.94   69.72  66.92  52.96 
#onoff#on  5  74422.94 0 0 22700.88 17376.97    34.00   51.99  30.88  00.00 
#onoff#on  5  74422.94 0 0    32.00    24.00    19.00   00.00  00.00  00.00 
#onoff#off 5  74436.93 0 0 33306.94 34065.50 28309.50  64.81 109.29 56.31 
#onoff#off 5  74436.93 0 0 22694.41 17374.19 34.00  46.61 37.57 00.00 
#onoff#off 5  74436.93 0 0 32.00 24.00 19.00  00.00 00.00 00.00 
#onoff#cal 5  74450.28 0 0 33322.47 34044.75 28322.84  60.77 85.64 50.74 
#onoff#cal 5  74450.3  0 0 22681.50 17369.41 34.00  47.06 30.14 00.00 
#onoff#cal 5  74450.3  0 0 32.00 24.00 19.00  00.00 00.00 00.00 
#onoff#on  6  74464.24 0 0 33278.91 34026.59 28295.34   57.64  66.93  60.23 
#onoff#on  6  74464.24 0 0 22676.97 17367.25    34.00   53.79  32.24  00.00 
#onoff#on  6  74464.24 0 0    32.00    24.00    19.00   00.00  00.00  00.00 
#onoff#off 6  74477.58 0 0 33329.72 34079.00 28370.59  62.66 67.54 66.90 
#onoff#off 6  74477.58 0 0 22705.31 17367.84 34.00  39.16 37.73 00.00 
#onoff#off 6  74477.58 0 0 32.00 24.00 19.00  00.00 00.00 00.00 
#onoff#cal 6  74490.98 0 0 33298.34 34059.72 28314.09  73.21 76.22 51.63 
#onoff#cal 6  74490.98 0 0 22692.09 17367.28 34.00  53.52 31.55 00.00 
#onoff#cal 6  74490.98 0 0 32.00 24.00 19.00  00.00 00.00 00.00 
#onoff#on  7  74504.85 0 0 33301.97 34013.88 28306.66   57.53  68.39  61.26 
#onoff#on  7  74504.85 0 0 22688.31 17364.44    34.00   46.04  32.89  00.00 
#onoff#on  7  74504.85 0 0    32.00    24.00    19.00   00.00  00.00  00.00 
#onoff#off 7  74518.3  0 0 33287.34 33999.28 28310.12  49.81 57.85 56.67 
#onoff#off 7  74518.3  0 0 22656.03 17363.88 34.00  42.81 36.62 00.00 
#onoff#off 7  74518.3  0 0 32.00 24.00 19.00  00.00 00.00 00.00 
#onoff#cal 7  74531.49 0 0 33301.56 34033.16 28295.09  81.01 77.25 41.50 
#onoff#cal 7  74531.49 0 0 22662.00 17358.12 34.00  41.85 31.61 00.00 
#onoff#cal 7  74531.49 0 0 32.00 24.00 19.00  00.00 00.00 00.00 
#onoff#on  8  74545.3  0 0 33359.38 35634.88 28325.81   79.48 1253.39  49.97 
#onoff#on  8  74545.3  0 0 22678.53 17371.59    33.97   48.60  36.99  00.17 
#onoff#on  8  74545.3  0 0    32.00    24.00    19.00   00.00  00.00  00.00 
#onoff#off 8  74558.93 0 0 33403.84 36419.53 28323.09  57.75 84.57 45.85 
#onoff#off 8  74558.93 0 0 22703.50 17369.47 34.00  39.51 35.79 00.00 
#onoff#off 8  74558.93 0 0 32.00 24.00 19.00  00.00 00.00 00.00 
#onoff#cal 8  74572.42 0 0 33395.00 36423.12 28300.94  75.77 146.42 43.55 
#onoff#cal 8  74572.42 0 0 22662.59 17362.03 34.00  47.67 28.19 00.00 
#onoff#cal 8  74572.42 0 0 32.00 24.00 19.00  00.00 00.00 00.00 
#onoff#on  9  74586.55 0 0 33362.16 34898.53 28308.84   76.50 1165.39  51.56 
#onoff#on  9  74586.55 0 0 22681.72 17366.78    34.00   44.61  28.07  00.00 
#onoff#on  9  74586.55 0 0    32.00    24.00    19.00   00.00  00.00  00.00 
#onoff#off 9  74600.04 0 0 33322.28 34079.50 28318.66  58.52 77.62 44.71 
#onoff#off 9  74600.04 0 0 22683.69 17363.19 34.00  45.54 33.79 00.00 
#onoff#off 9  74600.04 0 0 32.00 24.00 19.00  00.00 00.00 00.00 
#onoff#cal 9  74613.41 0 0 33312.38 34065.34 28332.22  56.88 63.30 50.56 
#onoff#cal 9  74613.41 0 0 22694.50 17373.66 34.00  44.33 32.79 00.00 
#onoff#cal 9  74613.41 0 0 32.00 24.00 19.00  00.00 00.00 00.00 
#onoff#on  10 74627.37 0 0 33284.97 34038.19 28287.47   58.50  63.03  58.43 
#onoff#on  10 74627.37 0 0 22690.03 17376.12    34.00   44.97  32.86  00.00 
#onoff#on  10 74627.37 0 0    32.00    24.00    19.00   00.00  00.00  00.00 
#onoff#off 10 74640.96 0 0 33294.41 34047.75 28292.44  67.09 58.56 49.35 
#onoff#off 10 74640.96 0 0 22688.50 17374.88 33.97  37.96 30.89 00.17 
#onoff#off 10 74640.96 0 0 32.00 24.00 19.00  00.00 00.00 00.00 
#onoff#cal 10 74654.41 0 0 33362.16 34061.44 28346.62  65.85 63.49 65.53 
#onoff#cal 10 74654.41 0 0 22712.16 17375.88 34.00  42.87 33.54 00.00 
#onoff#cal 10 74654.41 0 0 32.00 24.00 19.00  00.00 00.00 00.00 
#onoff#sefd              220.00 36.87 0.00  0.00   0.00  0.00  
#onoff#sefd              220.00 36.87 0.00  0.00   0.00  0.00  
#onoff#sefd              220.00 36.87 0.00  0.00   0.00  0.00  
#onoff#sefd              220.00 36.87 0.00  0.00   0.00  0.00  
#onoff#sefd              220.00 36.87 0.00   0.00  
#onoff#fluxsrc  gal      220.00 36.87 0.00  0.00   0.00  0.00  
#onoff#fluxsrc  gal      220.00 36.87 0.00  0.00   0.00  0.00  
#onoff#fluxsrc  gal      220.00 36.87 0.00  -0.90  0.00  0.30  
#onoff#fluxsrc  gal      220.00 36.87 -1.00 -1.00  0.00  0.00  
#onoff#fluxsrc  gal      220.00 36.87 -1.00  0.00  
