#onoff#source gal        184231.0 -042330.1 0000.0 2024.263.10:25:01
#onoff#site   tallarook 145.1247 -37.1406 3.00 xxxx 0  0.00  0.00
#onoff#onoff  10 32 2u 3u 0 60 10 10 0.0704 0.0704 1 1
#onoff#origin 0.0000 0.0000 0.0000 0.0000 0.0000 0.0000
#onoff#on  1  73514.91 0 0 34174.16 34935.31 29146.84   72.91  68.86  47.68 
#onoff#on  1  73514.91 0 0 23341.31 17872.34    33.94   52.05  29.69  00.24 
#onoff#on  1  73514.91 0 0    32.00    24.00    19.00   00.00  00.00  00.00 
#onoff#off 1  73529.69 0 0 34170.84 34933.47 29140.31  60.47 64.13 60.70 
#onoff#off 1  73529.69 0 0 23332.78 17868.38 33.88  51.04 39.78 00.33 
#onoff#off 1  73529.69 0 0 32.00 24.00 19.00  00.00 00.00 00.00 
#onoff#cal 1  73543.69 0 0 34174.44 34894.09 29125.66  81.97 72.36 46.96 
#onoff#cal 1  73543.69 0 0 23315.84 17876.91 33.94  49.98 33.98 00.24 
#onoff#cal 1  73543.69 0 0 32.00 24.00 19.00  00.00 00.00 00.00 
#onoff#on  2  73558    0 0 34179.25 34957.22 29167.41   65.25  76.19  65.74 
#onoff#on  2  73558    0 0 23340.97 17859.62    33.94   46.29  31.08  00.24 
#onoff#on  2  73558.01 0 0    32.00    24.00    19.00   00.00  00.00  00.00 
#onoff#off 2  73572.26 0 0 34157.31 34953.50 29155.44  78.35 90.00 83.64 
#onoff#off 2  73572.26 0 0 23328.00 17862.59 33.72  48.02 32.07 00.45 
#onoff#off 2  73572.26 0 0 32.00 23.94 19.00  00.00 00.24 00.00 
#onoff#cal 2  73586.19 0 0 34172.25 34968.50 29159.66  76.35 88.53 79.96 
#onoff#cal 2  73586.19 0 0 23329.78 17863.09 33.91  52.14 34.27 00.29 
#onoff#cal 2  73586.19 0 0 32.00 24.00 19.00  00.00 00.00 00.00 
#onoff#on  3  73600.97 0 0 34147.19 34946.56 29157.59   62.87  66.03  79.53 
#onoff#on  3  73600.97 0 0 23336.00 17876.91    33.88   49.30  32.75  00.33 
#onoff#on  3  73600.97 0 0    32.00    24.00    19.00   00.00  00.00  00.00 
#onoff#off 3  73615.27 0 0 34131.28 34900.97 29112.97  61.47 72.89 50.13 
#onoff#off 3  73615.27 0 0 23338.66 17874.09 33.91  45.48 25.18 00.29 
#onoff#off 3  73615.27 0 0 32.00 23.94 19.00  00.00 00.24 00.00 
#onoff#cal 3  73629.29 0 0 34111.88 34859.66 29086.94  68.84 77.52 58.74 
#onoff#cal 3  73629.29 0 0 23336.66 17859.81 33.94  53.64 32.88 00.24 
#onoff#cal 3  73629.29 0 0 32.00 24.00 19.00  00.00 00.00 00.00 
#onoff#on  4  73643.98 0 0 34100.81 34873.06 29089.66   69.99  53.13  46.51 
#onoff#on  4  73643.98 0 0 23322.66 17873.12    33.88   36.15  36.91  00.33 
#onoff#on  4  73643.98 0 0    32.00    24.00    19.00   00.00  00.00  00.00 
#onoff#off 4  73658.29 0 0 34084.69 34862.66 29101.38  64.88 65.47 68.08 
#onoff#off 4  73658.29 0 0 23324.44 17873.66 34.00  36.52 34.76 00.00 
#onoff#off 4  73658.29 0 0 32.00 24.00 19.00  00.00 00.00 00.00 
#onoff#cal 4  73672.3  0 0 34090.41 34919.00 29135.22  76.39 84.31 61.01 
#onoff#cal 4  73672.3  0 0 23364.16 17874.16 33.94  45.73 34.97 00.24 
#onoff#cal 4  73672.3  0 0 32.00 24.00 19.00  00.00 00.00 00.00 
#onoff#on  5  73686.91 0 0 34088.12 34891.56 29079.75   48.85  68.20  81.05 
#onoff#on  5  73686.91 0 0 23328.38 17859.56    33.97   49.13  28.68  00.17 
#onoff#on  5  73686.91 0 0    32.00    24.00    19.00   00.00  00.00  00.00 
#onoff#off 5  73701.3  0 0 34085.00 34897.31 29124.00  64.63 99.02 69.03 
#onoff#off 5  73701.3  0 0 23321.91 17853.66 33.91  43.96 31.65 00.29 
#onoff#off 5  73701.3  0 0 32.00 24.00 19.00  00.00 00.00 00.00 
#onoff#cal 5  73715.29 0 0 34081.59 34892.66 29130.22  62.45 88.54 62.73 
#onoff#cal 5  73715.29 0 0 23330.59 17852.44 33.97  40.83 33.58 00.17 
#onoff#cal 5  73715.29 0 0 32.00 24.00 19.00  00.00 00.00 00.00 
#onoff#on  6  73729.7  0 0 34083.88 34888.78 29108.25   65.89  87.00  66.88 
#onoff#on  6  73729.7  0 0 23334.97 17841.34    34.00   49.74  30.85  00.00 
#onoff#on  6  73729.7  0 0    32.00    24.00    19.00   00.00  00.00  00.00 
#onoff#off 6  73743.69 0 0 34064.84 34835.41 29102.16  68.70 68.21 67.58 
#onoff#off 6  73743.69 0 0 23303.31 17853.44 34.00  51.20 31.01 00.00 
#onoff#off 6  73743.69 0 0 32.00 24.00 19.00  00.00 00.00 00.00 
#onoff#cal 6  73757.91 0 0 34030.28 34812.56 29043.72  61.87 68.79 69.20 
#onoff#cal 6  73757.91 0 0 23292.81 17845.22 33.97  44.39 32.98 00.17 
#onoff#cal 6  73757.91 0 0 32.00 24.00 19.00  00.00 00.00 00.00 
#onoff#on  7  73772.6  0 0 34020.62 34793.00 29039.56   54.35  57.79  55.81 
#onoff#on  7  73772.6  0 0 23293.03 17849.12    34.00   45.37  33.22  00.00 
#onoff#on  7  73772.6  0 0    32.00    24.00    19.00   00.00  00.00  00.00 
#onoff#off 7  73786.66 0 0 33981.78 34791.09 29043.16  77.96 74.40 45.52 
#onoff#off 7  73786.66 0 0 23295.47 17859.72 33.97  36.05 38.90 00.17 
#onoff#off 7  73786.66 0 0 32.00 24.00 19.00  00.00 00.00 00.00 
#onoff#cal 7  73800.78 0 0 34015.22 34784.09 29073.62  80.76 80.55 48.45 
#onoff#cal 7  73800.78 0 0 23305.28 17840.12 33.94  41.03 30.38 00.24 
#onoff#cal 7  73800.78 0 0 32.00 23.97 19.00  00.00 00.17 00.00 
#onoff#on  8  73815.42 0 0 34028.50 34815.81 29076.22   85.96  81.55  74.87 
#onoff#on  8  73815.42 0 0 23326.75 17846.84    33.88   45.43  31.32  00.33 
#onoff#on  8  73815.42 0 0    32.00    23.97    19.00   00.00  00.17  00.00 
#onoff#off 8  73829.58 0 0 34056.91 34842.44 29094.16  77.02 83.89 64.71 
#onoff#off 8  73829.58 0 0 23321.75 17839.78 33.78  50.71 37.15 00.41 
#onoff#off 8  73829.58 0 0 32.00 23.97 19.00  00.00 00.17 00.00 
#onoff#cal 8  73843.71 0 0 34043.03 34844.53 29093.88  72.57 92.49 95.06 
#onoff#cal 8  73843.71 0 0 23337.00 17848.94 33.94  50.66 33.71 00.24 
#onoff#cal 8  73843.71 0 0 32.00 23.97 19.00  00.00 00.17 00.00 
#onoff#on  9  73858.19 0 0 34013.97 34781.56 29060.44   57.42  75.12  66.35 
#onoff#on  9  73858.19 0 0 23315.09 17858.25    33.78   51.24  37.72  00.41 
#onoff#on  9  73858.19 0 0    32.00    24.00    19.00   00.00  00.00  00.00 
#onoff#off 9  73872.39 0 0 33977.38 34732.72 29021.19  48.33 54.08 55.87 
#onoff#off 9  73872.39 0 0 23310.59 17843.81 33.94  39.33 33.65 00.24 
#onoff#off 9  73872.39 0 0 32.00 24.00 19.00  00.00 00.00 00.00 
#onoff#cal 9  73886.6  0 0 33990.50 34734.16 29034.47  57.94 64.26 57.24 
#onoff#cal 9  73886.6  0 0 23318.53 17838.66 33.94  43.22 34.16 00.24 
#onoff#cal 9  73886.6  0 0 32.00 23.97 19.00  00.00 00.17 00.00 
#onoff#on  10 73901.05 0 0 34005.88 34798.78 29063.78   76.77  87.31  85.43 
#onoff#on  10 73901.05 0 0 23335.50 17851.81    33.97   47.21  30.22  00.17 
#onoff#on  10 73901.05 0 0    32.00    24.00    19.00   00.00  00.00  00.00 
#onoff#off 10 73915.27 0 0 34037.53 34824.22 29096.69  63.45 102.85 78.94 
#onoff#off 10 73915.27 0 0 23326.78 17860.72 33.84  41.73 42.05 00.36 
#onoff#off 10 73915.27 0 0 32.00 24.00 19.00  00.00 00.00 00.00 
#onoff#cal 10 73929.36 0 0 34049.66 34827.56 29071.34  80.89 83.07 81.04 
#onoff#cal 10 73929.36 0 0 23360.56 17868.06 33.97  49.43 33.10 00.17 
#onoff#cal 10 73929.36 0 0 32.00 24.00 19.00  00.00 00.00 00.00 
#onoff#sefd              324.11 51.89 0.00  0.00   0.00  0.00  
#onoff#sefd              324.11 51.89 0.00  0.00   0.00  0.00  
#onoff#sefd              324.11 51.89 0.00  0.00   0.00  0.00  
#onoff#sefd              324.11 51.89 0.00  0.00   0.00  0.00  
#onoff#sefd              324.11 51.89 0.00   0.00  
#onoff#fluxsrc  gal      324.11 51.89 0.00  0.00   0.00  0.00  
#onoff#fluxsrc  gal      324.11 51.89 0.00  0.00   0.00  0.00  
#onoff#fluxsrc  gal      324.11 51.89 0.00  -0.10  0.00  0.30  
#onoff#fluxsrc  gal      324.11 51.89 -1.00 -0.60  0.00  0.49  
#onoff#fluxsrc  gal      324.11 51.89 -1.00  0.00  
