#onoff#source gal        154341.4 -545749.6 0000.0 2024.263.11:14:46
#onoff#site   tallarook 145.1247 -37.1406 3.00 xxxx 0  0.00  0.00
#onoff#onoff  10 32 2u 3u 0 60 10 10 0.0704 0.0704 1 1
#onoff#origin 0.0000 0.0000 0.0000 0.0000 0.0000 0.0000
#onoff#on  1  76498.83 0 0 33780.47 34480.50 28737.03   80.05  78.47  79.36 
#onoff#on  1  76498.83 0 0 23060.41 17631.84    34.00   58.38  28.15  00.00 
#onoff#on  1  76498.83 0 0    32.00    24.00    19.00   00.00  00.00  00.00 
#onoff#off 1  76512.1  0 0 33800.38 34507.00 28778.25  80.80 74.91 59.78 
#onoff#off 1  76512.1  0 0 23083.94 17640.97 34.00  58.90 39.62 00.00 
#onoff#off 1  76512.1  0 0 32.00 24.00 19.00  00.00 00.00 00.00 
#onoff#cal 1  76525.33 0 0 33786.50 34475.84 28766.03  84.66 64.38 81.41 
#onoff#cal 1  76525.33 0 0 23061.38 17631.41 34.00  60.30 38.10 00.00 
#onoff#cal 1  76525.33 0 0 32.00 24.00 19.00  00.00 00.00 00.00 
#onoff#on  2  76539.18 0 0 33823.84 34505.56 28743.16   73.53  69.70  78.34 
#onoff#on  2  76539.18 0 0 23070.09 17636.22    34.00   57.70  31.92  00.00 
#onoff#on  2  76539.18 0 0    32.00    24.00    19.00   00.00  00.00  00.00 
#onoff#off 2  76552.35 0 0 33797.84 34503.53 28745.19  70.68 70.63 64.55 
#onoff#off 2  76552.35 0 0 23060.53 17630.00 34.00  62.60 37.08 00.00 
#onoff#off 2  76552.35 0 0 32.00 24.00 19.00  00.00 00.00 00.00 
#onoff#cal 2  76565.54 0 0 33820.12 34516.75 28760.44  72.00 59.79 64.33 
#onoff#cal 2  76565.54 0 0 23065.28 17645.78 34.00  48.66 39.22 00.00 
#onoff#cal 2  76565.54 0 0 32.00 24.00 19.00  00.00 00.00 00.00 
#onoff#on  3  76579.39 0 0 33801.75 34465.97 28731.47   72.69  57.42  49.66 
#onoff#on  3  76579.39 0 0 23030.16 17619.69    34.00   56.53  46.87  00.00 
#onoff#on  3  76579.39 0 0    32.00    24.00    19.00   00.00  00.00  00.00 
#onoff#off 3  76592.9  0 0 33852.28 34539.59 28775.94  70.54 58.58 47.78 
#onoff#off 3  76592.9  0 0 23064.44 17638.16 33.97  37.92 34.38 00.17 
#onoff#off 3  76592.9  0 0 32.00 24.00 19.00  00.00 00.00 00.00 
#onoff#cal 3  76606.32 0 0 33820.69 34501.53 28752.09  59.99 62.31 47.35 
#onoff#cal 3  76606.32 0 0 23018.28 17634.03 34.00  40.31 43.18 00.00 
#onoff#cal 3  76606.32 0 0 32.00 24.00 19.00  00.00 00.00 00.00 
#onoff#on  4  76620.2  0 0 33841.88 34526.75 28761.88   61.35  70.96  53.99 
#onoff#on  4  76620.2  0 0 23039.22 17633.72    34.00   47.50  31.88  00.00 
#onoff#on  4  76620.2  0 0    32.03    24.00    19.00   00.17  00.00  00.00 
#onoff#off 4  76633.48 0 0 33806.72 34476.06 28718.19  66.65 82.24 60.72 
#onoff#off 4  76633.48 0 0 23018.22 17613.94 34.00  47.10 29.10 00.00 
#onoff#off 4  76633.48 0 0 32.00 24.00 19.00  00.00 00.00 00.00 
#onoff#cal 4  76646.96 0 0 33849.12 34491.19 28718.47  50.55 83.32 55.45 
#onoff#cal 4  76646.96 0 0 23024.09 17624.81 34.00  38.04 31.84 00.00 
#onoff#cal 4  76646.96 0 0 32.00 24.00 19.00  00.00 00.00 00.00 
#onoff#on  5  76660.72 0 0 33807.00 34489.09 28731.22   62.67  71.94  51.39 
#onoff#on  5  76660.72 0 0 23040.12 17639.09    34.00   45.84  39.95  00.00 
#onoff#on  5  76660.72 0 0    32.00    24.00    19.00   00.00  00.00  00.00 
#onoff#off 5  76674.29 0 0 33887.69 34558.12 28771.97  50.81 64.52 54.56 
#onoff#off 5  76674.29 0 0 23046.88 17650.28 34.00  50.24 39.49 00.00 
#onoff#off 5  76674.29 0 0 32.00 24.00 19.00  00.00 00.00 00.00 
#onoff#cal 5  76687.73 0 0 33895.16 34556.88 28793.59  80.73 92.06 66.92 
#onoff#cal 5  76687.73 0 0 23091.81 17672.41 34.00  53.51 39.92 00.00 
#onoff#cal 5  76687.73 0 0 32.00 24.00 19.00  00.00 00.00 00.00 
#onoff#on  6  76701.66 0 0 33836.16 34547.16 28762.56   62.44  77.48  76.10 
#onoff#on  6  76701.66 0 0 23085.16 17656.25    34.00   46.46  30.13  00.00 
#onoff#on  6  76701.66 0 0    32.00    24.00    19.00   00.00  00.00  00.00 
#onoff#off 6  76715.21 0 0 33885.78 34563.25 28802.47  67.94 75.69 52.08 
#onoff#off 6  76715.21 0 0 23100.22 17671.72 34.00  50.14 40.89 00.00 
#onoff#off 6  76715.21 0 0 32.00 24.00 19.00  00.00 00.00 00.00 
#onoff#cal 6  76728.77 0 0 33882.66 34541.34 28789.53  76.56 83.44 50.10 
#onoff#cal 6  76728.77 0 0 23085.91 17656.47 34.00  53.19 38.54 00.00 
#onoff#cal 6  76728.77 0 0 32.00 24.00 19.00  00.00 00.00 00.00 
#onoff#on  7  76742.72 0 0 33914.22 34582.81 28813.56   82.95  75.36  68.04 
#onoff#on  7  76742.72 0 0 23120.72 17687.47    34.00   64.65  32.22  00.00 
#onoff#on  7  76742.72 0 0    32.00    24.00    19.00   00.00  00.00  00.00 
#onoff#off 7  76756.28 0 0 33925.97 34580.47 28805.38  65.50 76.29 65.23 
#onoff#off 7  76756.28 0 0 23109.91 17694.03 34.00  53.85 39.91 00.00 
#onoff#off 7  76756.28 0 0 32.00 24.00 19.00  00.00 00.00 00.00 
#onoff#cal 7  76769.78 0 0 33908.53 34605.50 28795.59  69.27 56.55 63.00 
#onoff#cal 7  76769.78 0 0 23104.06 17683.09 34.00  58.23 27.95 00.00 
#onoff#cal 7  76769.78 0 0 32.00 24.00 19.00  00.00 00.00 00.00 
#onoff#on  8  76783.87 0 0 33901.34 34593.03 28806.69   67.31  74.35  55.27 
#onoff#on  8  76783.87 0 0 23114.16 17703.28    34.00   53.55  37.87  00.00 
#onoff#on  8  76783.87 0 0    32.00    24.00    19.00   00.00  00.00  00.00 
#onoff#off 8  76797.55 0 0 33929.88 34606.94 28790.22  77.43 65.33 69.54 
#onoff#off 8  76797.55 0 0 23128.31 17698.34 34.00  50.58 31.17 00.00 
#onoff#off 8  76797.55 0 0 32.00 24.00 19.00  00.00 00.00 00.00 
#onoff#cal 8  76811    0 0 33910.94 34600.19 28778.47  79.72 63.90 62.58 
#onoff#cal 8  76811    0 0 23114.19 17692.34 34.00  53.86 31.02 00.00 
#onoff#cal 8  76811    0 0 32.00 24.00 19.00  00.00 00.00 00.00 
#onoff#on  9  76824.95 0 0 33936.81 34627.84 28799.06   56.22  64.62  55.58 
#onoff#on  9  76824.95 0 0 23124.09 17693.81    34.00   58.49  34.82  00.00 
#onoff#on  9  76824.95 0 0    32.00    24.00    19.00   00.00  00.00  00.00 
#onoff#off 9  76838.48 0 0 33901.62 34596.69 28784.72  67.35 63.52 55.66 
#onoff#off 9  76838.48 0 0 23082.78 17692.00 34.00  38.86 35.22 00.00 
#onoff#off 9  76838.48 0 0 32.00 24.00 19.00  00.00 00.00 00.00 
#onoff#cal 9  76851.99 0 0 33913.03 34594.47 28779.84  57.25 80.68 52.45 
#onoff#cal 9  76851.99 0 0 23070.38 17672.03 34.00  39.57 36.96 00.00 
#onoff#cal 9  76851.99 0 0 32.00 24.00 19.00  00.00 00.00 00.00 
#onoff#on  10 76865.72 0 0 33892.31 34579.25 28773.72   56.17  56.31  54.98 
#onoff#on  10 76865.72 0 0 23066.31 17690.56    34.00   39.32  30.93  00.00 
#onoff#on  10 76865.72 0 0    32.00    24.00    19.00   00.00  00.00  00.00 
#onoff#off 10 76879.28 0 0 33946.97 34616.09 28805.81  71.72 64.20 64.70 
#onoff#off 10 76879.28 0 0 23085.56 17682.16 34.00  38.60 36.10 00.00 
#onoff#off 10 76879.28 0 0 32.00 24.00 19.00  00.00 00.00 00.00 
#onoff#cal 10 76892.7  0 0 33925.28 34599.62 28778.69  63.33 55.66 58.38 
#onoff#cal 10 76892.7  0 0 23059.25 17686.00 34.00  45.56 37.55 00.00 
#onoff#cal 10 76892.7  0 0 32.00 24.00 19.00  00.00 00.00 00.00 
#onoff#sefd              223.97 35.92 0.00  0.00   0.00  0.00  
#onoff#sefd              223.97 35.92 0.00  0.00   0.00  0.00  
#onoff#sefd              223.97 35.92 0.00  0.00   0.00  0.00  
#onoff#sefd              223.97 35.92 0.00  0.00   0.00  0.00  
#onoff#sefd              223.97 35.92 0.00   0.00  
#onoff#fluxsrc  gal      223.97 35.92 0.00  0.00   0.00  0.00  
#onoff#fluxsrc  gal      223.97 35.92 0.00  0.00   0.00  0.00  
#onoff#fluxsrc  gal      223.97 35.92 0.00  -0.90  0.00  0.30  
#onoff#fluxsrc  gal      223.97 35.92 -1.00 -1.00  0.00  0.00  
#onoff#fluxsrc  gal      223.97 35.92 -1.00  0.00  
