#onoff#source gal        184229.7 -042316.9 0000.0 2024.263.10:17:42
#onoff#site   tallarook 145.1247 -37.1406 3.00 xxxx 0  0.00  0.00
#onoff#onoff  10 32 2u 3u 0 60 10 10 0.0704 0.0704 1 1
#onoff#origin 0.0000 0.0000 0.0000 0.0000 0.0000 0.0000
#onoff#on  1  73075.62 0 0 34222.56 35005.09 29258.00   51.54  80.60  59.50 
#onoff#on  1  73075.62 0 0 23433.72 17924.91    33.84   40.17  34.30  00.36 
#onoff#on  1  73075.62 0 0    32.00    24.00    19.00   00.00  00.00  00.00 
#onoff#off 1  73089.41 0 0 34182.09 34989.34 29231.69  67.78 65.82 49.85 
#onoff#off 1  73089.41 0 0 23404.41 17886.38 33.91  37.69 36.01 00.29 
#onoff#off 1  73089.41 0 0 32.00 24.00 19.00  00.00 00.00 00.00 
#onoff#cal 1  73103.33 0 0 34226.44 34993.31 29231.75  85.12 69.97 60.91 
#onoff#cal 1  73103.33 0 0 23411.91 17900.31 33.91  43.91 27.70 00.29 
#onoff#cal 1  73103.33 0 0 32.00 23.94 19.00  00.00 00.24 00.00 
#onoff#on  2  73117.94 0 0 34237.84 34981.78 29221.62   75.30  69.43  64.42 
#onoff#on  2  73117.94 0 0 23381.81 17877.62    33.97   45.24  28.38  00.17 
#onoff#on  2  73117.94 0 0    32.00    24.00    19.00   00.00  00.00  00.00 
#onoff#off 2  73132.21 0 0 34260.41 34973.47 29224.81  79.08 72.13 61.73 
#onoff#off 2  73132.21 0 0 23391.25 17885.22 33.91  60.41 33.90 00.29 
#onoff#off 2  73132.21 0 0 32.00 24.00 19.00  00.00 00.00 00.00 
#onoff#cal 2  73146.02 0 0 34259.44 34995.88 29214.94  63.28 68.18 66.68 
#onoff#cal 2  73146.02 0 0 23375.97 17861.06 33.88  39.79 35.71 00.33 
#onoff#cal 2  73146.02 0 0 32.00 24.00 19.00  00.00 00.00 00.00 
#onoff#on  3  73160.6  0 0 34280.34 35036.03 29216.50   75.96  67.19  57.01 
#onoff#on  3  73160.6  0 0 23362.84 17859.06    33.97   42.45  31.39  00.17 
#onoff#on  3  73160.6  0 0    32.00    24.00    19.00   00.00  00.00  00.00 
#onoff#off 3  73174.55 0 0 34246.69 35007.50 29214.09  66.13 63.17 50.69 
#onoff#off 3  73174.55 0 0 23349.19 17866.41 34.00  44.28 29.73 00.00 
#onoff#off 3  73174.55 0 0 32.00 24.00 19.00  00.00 00.00 00.00 
#onoff#cal 3  73188.74 0 0 34249.59 35010.88 29232.16  66.52 69.08 64.61 
#onoff#cal 3  73188.74 0 0 23333.31 17862.94 33.97  57.90 35.32 00.17 
#onoff#cal 3  73188.74 0 0 32.00 24.00 19.00  00.00 00.00 00.00 
#onoff#on  4  73203.25 0 0 34262.41 35029.78 29208.03   60.03  71.84  53.92 
#onoff#on  4  73203.25 0 0 23341.03 17860.62    34.00   37.56  34.39  00.00 
#onoff#on  4  73203.25 0 0    32.00    24.00    19.00   00.00  00.00  00.00 
#onoff#off 4  73217.37 0 0 34240.09 35006.97 29171.94  65.09 66.81 52.62 
#onoff#off 4  73217.37 0 0 23340.06 17852.38 33.97  46.34 34.62 00.17 
#onoff#off 4  73217.37 0 0 32.00 24.00 19.00  00.00 00.00 00.00 
#onoff#cal 4  73231.34 0 0 34234.16 34978.62 29198.06  71.09 71.85 63.69 
#onoff#cal 4  73231.34 0 0 23307.94 17837.28 34.00  45.57 42.16 00.00 
#onoff#cal 4  73231.34 0 0 32.00 24.00 19.00  00.00 00.00 00.00 
#onoff#on  5  73246.15 0 0 34237.88 34962.38 29164.78   77.08  45.67  53.54 
#onoff#on  5  73246.15 0 0 23319.47 17847.34    34.00   42.87  35.22  00.00 
#onoff#on  5  73246.15 0 0    32.00    24.00    19.00   00.00  00.00  00.00 
#onoff#off 5  73260.42 0 0 34242.41 34968.06 29175.97  71.56 78.36 65.23 
#onoff#off 5  73260.42 0 0 23315.34 17854.34 33.91  43.10 39.19 00.29 
#onoff#off 5  73260.42 0 0 32.00 24.00 19.00  00.00 00.00 00.00 
#onoff#cal 5  73274.61 0 0 34240.69 34991.94 29150.78  49.20 75.67 60.18 
#onoff#cal 5  73274.61 0 0 23313.03 17858.91 33.97  44.94 37.14 00.17 
#onoff#cal 5  73274.61 0 0 32.00 24.00 19.00  00.00 00.00 00.00 
#onoff#on  6  73289.16 0 0 34245.50 35023.84 29204.06   56.05  82.02  64.79 
#onoff#on  6  73289.16 0 0 23330.66 17844.66    33.94   42.99  43.06  00.24 
#onoff#on  6  73289.16 0 0    32.00    24.00    19.00   00.00  00.00  00.00 
#onoff#off 6  73303.58 0 0 34240.47 35004.94 29191.19  59.96 72.13 72.81 
#onoff#off 6  73303.58 0 0 23317.22 17843.84 33.94  47.01 25.62 00.24 
#onoff#off 6  73303.58 0 0 32.00 24.00 19.00  00.00 00.00 00.00 
#onoff#cal 6  73317.64 0 0 34247.41 35010.22 29181.81  51.32 73.33 69.10 
#onoff#cal 6  73317.64 0 0 23324.53 17846.91 33.88  44.11 32.86 00.33 
#onoff#cal 6  73317.64 0 0 32.00 24.00 19.00  00.00 00.00 00.00 
#onoff#on  7  73332.16 0 0 34227.59 34990.34 29170.03   55.84  79.15  67.68 
#onoff#on  7  73332.16 0 0 23300.81 17827.31    33.94   48.59  38.24  00.24 
#onoff#on  7  73332.16 0 0    32.00    24.00    19.00   00.00  00.00  00.00 
#onoff#off 7  73346.54 0 0 34246.97 34957.28 29155.19  74.18 64.07 56.59 
#onoff#off 7  73346.54 0 0 23298.66 17838.00 33.94  36.74 35.51 00.24 
#onoff#off 7  73346.54 0 0 32.00 24.00 19.00  00.00 00.00 00.00 
#onoff#cal 7  73360.74 0 0 34239.22 34977.97 29176.38  61.83 54.63 62.79 
#onoff#cal 7  73360.74 0 0 23329.66 17847.53 33.97  43.10 25.69 00.17 
#onoff#cal 7  73360.74 0 0 32.00 24.00 19.00  00.00 00.00 00.00 
#onoff#on  8  73375.27 0 0 34232.62 34967.50 29162.66   48.99  75.01  55.49 
#onoff#on  8  73375.27 0 0 23323.47 17848.94    33.91   47.00  30.24  00.29 
#onoff#on  8  73375.27 0 0    32.00    24.00    19.00   00.00  00.00  00.00 
#onoff#off 8  73389.32 0 0 34188.91 34949.47 29146.88  60.66 81.63 56.38 
#onoff#off 8  73389.32 0 0 23315.47 17859.06 33.94  40.02 35.26 00.24 
#onoff#off 8  73389.32 0 0 32.00 23.97 19.00  00.00 00.17 00.00 
#onoff#cal 8  73403.34 0 0 34217.38 34944.62 29134.78  68.16 62.68 56.48 
#onoff#cal 8  73403.34 0 0 23320.12 17854.81 33.88  50.04 37.16 00.33 
#onoff#cal 8  73403.34 0 0 32.00 24.00 19.00  00.00 00.00 00.00 
#onoff#on  9  73417.73 0 0 34211.31 34951.31 29171.41   61.51  67.73  47.02 
#onoff#on  9  73417.73 0 0 23330.84 17863.19    33.88   47.17  32.67  00.33 
#onoff#on  9  73417.73 0 0    32.00    24.00    19.00   00.00  00.00  00.00 
#onoff#off 9  73431.74 0 0 34232.91 34992.84 29202.06  66.90 93.78 62.20 
#onoff#off 9  73431.74 0 0 23346.78 17860.91 33.84  39.12 37.60 00.36 
#onoff#off 9  73431.74 0 0 32.00 24.00 19.00  00.00 00.00 00.00 
#onoff#cal 9  73445.93 0 0 34226.50 35011.59 29182.47  52.32 73.67 73.54 
#onoff#cal 9  73445.93 0 0 23339.59 17872.22 33.88  55.07 29.94 00.33 
#onoff#cal 9  73445.93 0 0 32.00 24.00 19.00  00.00 00.00 00.00 
#onoff#on  10 73460.94 0 0 34236.03 34984.94 29161.75   91.68 103.26  79.40 
#onoff#on  10 73460.94 0 0 23341.59 17872.41    33.94   60.98  43.31  00.24 
#onoff#on  10 73460.94 0 0    32.00    24.00    19.00   00.00  00.00  00.00 
#onoff#off 10 73475.25 0 0 34224.22 35025.19 29193.81  59.15 85.75 76.25 
#onoff#off 10 73475.25 0 0 23335.56 17873.38 33.94  49.81 38.34 00.24 
#onoff#off 10 73475.25 0 0 32.00 24.00 19.00  00.00 00.00 00.00 
#onoff#cal 10 73489.55 0 0 34215.78 35003.78 29203.81  69.63 88.19 75.24 
#onoff#cal 10 73489.55 0 0 23334.03 17870.41 33.97  50.77 39.72 00.17 
#onoff#cal 10 73489.55 0 0 32.00 24.00 19.00  00.00 00.00 00.00 
#onoff#sefd              326.78 52.72 0.00  0.00   0.00  0.00  
#onoff#sefd              326.78 52.72 0.00  0.00   0.00  0.00  
#onoff#sefd              326.78 52.72 0.00  0.00   0.00  0.00  
#onoff#sefd              326.78 52.72 0.00  0.00   0.00  0.00  
#onoff#sefd              326.78 52.72 0.00   0.00  
#onoff#fluxsrc  gal      326.78 52.72 0.00  0.00   0.00  0.00  
#onoff#fluxsrc  gal      326.78 52.72 0.00  0.00   0.00  0.00  
#onoff#fluxsrc  gal      326.78 52.72 0.00  -0.10  0.00  0.30  
#onoff#fluxsrc  gal      326.78 52.72 -1.00 -0.80  0.00  0.40  
#onoff#fluxsrc  gal      326.78 52.72 -1.00  0.00  
