#onoff#source gal        154340.9 -545745.2 0000.0 2024.263.11:07:44
#onoff#site   tallarook 145.1247 -37.1406 3.00 xxxx 0  0.00  0.00
#onoff#onoff  10 32 2u 3u 0 60 10 10 0.0704 0.0704 1 1
#onoff#origin 0.0000 0.0000 0.0000 0.0000 0.0000 0.0000
#onoff#on  1  76077.15 0 0 33564.22 34282.62 28598.38   77.45  66.45  62.65 
#onoff#on  1  76077.15 0 0 22927.03 17528.16    34.00   52.76  28.26  00.00 
#onoff#on  1  76077.15 0 0    32.00    24.00    19.00   00.00  00.00  00.00 
#onoff#off 1  76091.12 0 0 33609.53 34344.12 28651.81  87.25 77.53 70.34 
#onoff#off 1  76091.12 0 0 22984.25 17549.19 34.00  53.25 34.90 00.00 
#onoff#off 1  76091.12 0 0 32.00 24.00 19.00  00.00 00.00 00.00 
#onoff#cal 1  76104.47 0 0 33576.97 34333.88 28653.78  79.45 91.20 70.33 
#onoff#cal 1  76104.47 0 0 23001.81 17546.47 34.00  58.03 38.77 00.00 
#onoff#cal 1  76104.47 0 0 32.00 24.00 19.00  00.00 00.00 00.00 
#onoff#on  2  76118.26 0 0 33584.75 34279.09 28621.97   70.42  93.15  60.13 
#onoff#on  2  76118.26 0 0 22982.59 17541.06    34.00   55.04  35.41  00.00 
#onoff#on  2  76118.26 0 0    32.00    24.00    19.00   00.00  00.00  00.00 
#onoff#off 2  76131.94 0 0 33582.78 34324.00 28662.22  58.90 72.88 59.74 
#onoff#off 2  76131.94 0 0 22991.59 17559.69 34.00  50.63 41.02 00.00 
#onoff#off 2  76131.94 0 0 32.00 24.00 19.00  00.00 00.00 00.00 
#onoff#cal 2  76145.37 0 0 33601.94 34312.34 28635.94  74.29 67.92 65.87 
#onoff#cal 2  76145.37 0 0 22981.03 17556.03 34.00  48.62 47.09 00.00 
#onoff#cal 2  76145.37 0 0 32.00 24.00 19.00  00.00 00.00 00.00 
#onoff#on  3  76159.6  0 0 33598.75 34309.38 28635.97   70.53  76.00  55.55 
#onoff#on  3  76159.6  0 0 23011.75 17565.69    34.00   54.61  39.87  00.00 
#onoff#on  3  76159.6  0 0    32.00    24.00    19.00   00.00  00.00  00.00 
#onoff#off 3  76173.32 0 0 33648.69 34383.72 28693.91  68.34 82.00 70.99 
#onoff#off 3  76173.32 0 0 23022.09 17577.53 34.00  53.25 31.61 00.00 
#onoff#off 3  76173.32 0 0 32.00 24.00 19.00  00.00 00.00 00.00 
#onoff#cal 3  76186.94 0 0 33618.53 34326.22 28664.19  72.65 85.42 60.32 
#onoff#cal 3  76186.94 0 0 23019.84 17565.25 34.00  44.70 24.01 00.00 
#onoff#cal 3  76186.94 0 0 32.00 24.00 19.00  00.00 00.00 00.00 
#onoff#on  4  76200.94 0 0 33648.28 34376.78 28679.62   58.92  95.02  75.63 
#onoff#on  4  76200.94 0 0 23025.88 17575.88    33.97   63.42  38.25  00.17 
#onoff#on  4  76200.94 0 0    32.00    24.00    19.00   00.00  00.00  00.00 
#onoff#off 4  76214.47 0 0 33666.88 34370.75 28695.12  58.75 79.65 56.42 
#onoff#off 4  76214.47 0 0 23023.31 17582.41 34.00  47.40 43.10 00.00 
#onoff#off 4  76214.47 0 0 32.00 24.00 19.00  00.00 00.00 00.00 
#onoff#cal 4  76227.81 0 0 33651.28 34375.44 28687.28  66.71 58.86 58.77 
#onoff#cal 4  76227.81 0 0 23008.81 17591.09 34.00  49.75 43.00 00.00 
#onoff#cal 4  76227.81 0 0 32.00 24.00 19.00  00.00 00.00 00.00 
#onoff#on  5  76241.67 0 0 33665.50 34877.44 28702.81   74.03 309.57  46.36 
#onoff#on  5  76241.67 0 0 23046.41 17587.03    34.00   49.63  37.64  00.00 
#onoff#on  5  76241.67 0 0    32.03    24.00    19.00   00.17  00.00  00.00 
#onoff#off 5  76255.12 0 0 33670.25 35083.25 28662.03  58.59 86.89 65.96 
#onoff#off 5  76255.12 0 0 23024.72 17581.28 34.00  49.50 39.01 00.00 
#onoff#off 5  76255.12 0 0 32.03 24.00 19.00  00.17 00.00 00.00 
#onoff#cal 5  76268.44 0 0 33684.31 35220.69 28704.25  75.64 80.77 61.99 
#onoff#cal 5  76268.44 0 0 23040.81 17599.72 34.00  57.37 38.45 00.00 
#onoff#cal 5  76268.44 0 0 32.00 24.00 19.00  00.00 00.00 00.00 
#onoff#on  6  76282.39 0 0 33681.22 35243.12 28698.16   72.27  70.73  59.24 
#onoff#on  6  76282.39 0 0 23024.66 17602.31    34.00   53.46  40.44  00.00 
#onoff#on  6  76282.39 0 0    32.00    24.00    19.00   00.00  00.00  00.00 
#onoff#off 6  76295.81 0 0 33701.03 35260.62 28702.00  81.48 77.94 63.06 
#onoff#off 6  76295.81 0 0 23026.56 17593.78 34.00  51.53 29.31 00.00 
#onoff#off 6  76295.81 0 0 32.00 24.00 19.00  00.00 00.00 00.00 
#onoff#cal 6  76309.23 0 0 33705.19 35053.97 28705.53  74.43 378.53 58.58 
#onoff#cal 6  76309.23 0 0 23042.97 17617.06 34.00  55.76 44.77 00.00 
#onoff#cal 6  76309.23 0 0 32.00 24.00 19.00  00.00 00.00 00.00 
#onoff#on  7  76323.13 0 0 33676.84 34410.81 28706.28   63.59  63.81  63.16 
#onoff#on  7  76323.13 0 0 23018.53 17594.41    34.00   57.14  29.37  00.00 
#onoff#on  7  76323.13 0 0    32.03    24.00    19.00   00.17  00.00  00.00 
#onoff#off 7  76336.51 0 0 33672.47 34414.47 28701.34  76.82 71.83 62.64 
#onoff#off 7  76336.51 0 0 23024.12 17596.75 34.00  50.40 40.25 00.00 
#onoff#off 7  76336.51 0 0 32.00 24.00 19.00  00.00 00.00 00.00 
#onoff#cal 7  76350.05 0 0 33714.81 34422.47 28717.50  91.79 80.59 68.04 
#onoff#cal 7  76350.05 0 0 23011.47 17604.75 34.00  43.92 44.75 00.00 
#onoff#cal 7  76350.05 0 0 32.00 24.00 19.00  00.00 00.00 00.00 
#onoff#on  8  76363.81 0 0 33686.56 34375.41 28669.72   78.73  62.20  53.10 
#onoff#on  8  76363.81 0 0 22994.47 17598.62    34.00   45.40  40.03  00.00 
#onoff#on  8  76363.81 0 0    32.00    24.00    19.00   00.00  00.00  00.00 
#onoff#off 8  76377.09 0 0 33717.34 34416.62 28676.25  79.66 62.75 53.18 
#onoff#off 8  76377.09 0 0 23003.31 17607.59 34.00  38.44 31.44 00.00 
#onoff#off 8  76377.09 0 0 32.00 24.00 19.00  00.00 00.00 00.00 
#onoff#cal 8  76390.37 0 0 33678.66 34407.50 28690.72  70.41 68.53 56.01 
#onoff#cal 8  76390.37 0 0 22979.62 17594.84 34.00  40.49 25.15 00.00 
#onoff#cal 8  76390.37 0 0 32.00 24.00 19.00  00.00 00.00 00.00 
#onoff#on  9  76404.31 0 0 33680.78 34387.59 28655.69   67.50  62.47  56.16 
#onoff#on  9  76404.31 0 0 22983.94 17587.16    34.00   43.99  38.11  00.00 
#onoff#on  9  76404.31 0 0    32.00    24.00    19.00   00.00  00.00  00.00 
#onoff#off 9  76417.8  0 0 33717.00 34443.81 28724.12  73.26 63.05 84.19 
#onoff#off 9  76417.8  0 0 23023.84 17601.78 34.00  52.87 34.21 00.00 
#onoff#off 9  76417.8  0 0 32.00 24.00 19.00  00.00 00.00 00.00 
#onoff#cal 9  76431.24 0 0 33719.88 34441.56 28720.53  74.67 79.53 60.01 
#onoff#cal 9  76431.24 0 0 23025.00 17610.28 34.00  58.93 42.16 00.00 
#onoff#cal 9  76431.24 0 0 32.00 24.00 19.00  00.00 00.00 00.00 
#onoff#on  10 76445.14 0 0 33769.75 34498.28 28761.09   72.81  81.59  80.89 
#onoff#on  10 76445.14 0 0 23064.34 17639.53    34.00   52.02  42.72  00.00 
#onoff#on  10 76445.14 0 0    32.00    24.00    19.00   00.00  00.00  00.00 
#onoff#off 10 76458.54 0 0 33772.03 34478.09 28748.03  79.35 78.33 62.94 
#onoff#off 10 76458.54 0 0 23054.19 17628.50 34.00  67.95 43.02 00.00 
#onoff#off 10 76458.54 0 0 32.00 24.00 19.00  00.00 00.00 00.00 
#onoff#cal 10 76471.96 0 0 33774.34 34504.12 28765.66  79.88 82.92 79.07 
#onoff#cal 10 76471.96 0 0 23064.09 17634.09 34.00  71.06 37.63 00.00 
#onoff#cal 10 76471.98 0 0 32.00 24.00 19.00  00.00 00.00 00.00 
#onoff#sefd              224.29 36.90 0.00  0.00   0.00  0.00  
#onoff#sefd              224.29 36.90 0.00  0.00   0.00  0.00  
#onoff#sefd              224.29 36.90 0.00  0.00   0.00  0.00  
#onoff#sefd              224.29 36.90 0.00  0.00   0.00  0.00  
#onoff#sefd              224.29 36.90 0.00   0.00  
#onoff#fluxsrc  gal      224.29 36.90 0.00  0.00   0.00  0.00  
#onoff#fluxsrc  gal      224.29 36.90 0.00  0.00   0.00  0.00  
#onoff#fluxsrc  gal      224.29 36.90 0.00  -1.00  0.00  0.00  
#onoff#fluxsrc  gal      224.29 36.90 -0.90 -1.00  0.30  0.00  
#onoff#fluxsrc  gal      224.29 36.90 -1.00  0.00  
