#onoff#source gal        154340.0 -545802.1 0000.0 2024.263.11:00:42
#onoff#site   tallarook 145.1247 -37.1406 3.00 xxxx 0  0.00  0.00
#onoff#onoff  10 32 2u 3u 0 60 10 10 0.0704 0.0704 1 1
#onoff#origin 0.0000 0.0000 0.0000 0.0000 0.0000 0.0000
#onoff#on  1  75655.56 0 0 33392.47 34056.78 28402.97   59.81  74.63  63.99 
#onoff#on  1  75655.56 0 0 22802.06 17457.59    34.00   53.22  30.22  00.00 
#onoff#on  1  75655.56 0 0    32.00    24.00    19.00   00.00  00.00  00.00 
#onoff#off 1  75669.08 0 0 33395.75 34058.06 28445.59  75.52 81.71 80.33 
#onoff#off 1  75669.08 0 0 22844.38 17468.56 34.00  53.67 41.33 00.00 
#onoff#off 1  75669.08 0 0 32.00 24.00 19.00  00.00 00.00 00.00 
#onoff#cal 1  75682.48 0 0 33392.78 34068.09 28427.78  76.37 83.67 82.45 
#onoff#cal 1  75682.48 0 0 22835.31 17447.25 34.00  57.29 30.20 00.00 
#onoff#cal 1  75682.48 0 0 32.00 24.00 19.00  00.00 00.00 00.00 
#onoff#on  2  75696.27 0 0 33382.28 34072.31 28428.34   53.48  68.66  61.74 
#onoff#on  2  75696.27 0 0 22819.81 17450.62    33.97   51.12  32.67  00.17 
#onoff#on  2  75696.27 0 0    32.00    24.00    19.00   00.00  00.00  00.00 
#onoff#off 2  75709.88 0 0 33377.03 34051.16 28392.12  68.35 73.05 60.08 
#onoff#off 2  75709.88 0 0 22784.62 17435.41 34.00  44.98 40.56 00.00 
#onoff#off 2  75709.88 0 0 32.00 24.00 19.00  00.00 00.00 00.00 
#onoff#cal 2  75723.28 0 0 33382.44 34066.12 28412.88  59.78 56.79 54.18 
#onoff#cal 2  75723.28 0 0 22791.69 17426.00 34.00  41.58 24.01 00.00 
#onoff#cal 2  75723.28 0 0 32.00 24.00 19.00  00.00 00.00 00.00 
#onoff#on  3  75737.36 0 0 33402.47 34082.88 28418.38   66.74  74.10  50.83 
#onoff#on  3  75737.36 0 0 22809.66 17448.97    34.00   45.91  33.12  00.00 
#onoff#on  3  75737.36 0 0    32.00    24.00    19.00   00.00  00.00  00.00 
#onoff#off 3  75750.9  0 0 33454.31 34123.75 28441.94  70.13 63.02 51.14 
#onoff#off 3  75750.9  0 0 22787.34 17464.47 34.00  39.66 28.39 00.00 
#onoff#off 3  75750.9  0 0 32.00 24.00 19.00  00.00 00.00 00.00 
#onoff#cal 3  75764.32 0 0 33422.94 34071.03 28400.19  59.55 58.53 52.35 
#onoff#cal 3  75764.32 0 0 22808.50 17450.16 33.94  44.99 34.45 00.24 
#onoff#cal 3  75764.32 0 0 32.00 24.00 19.00  00.00 00.00 00.00 
#onoff#on  4  75778.24 0 0 33415.66 34068.91 28414.62   64.34  68.45  65.29 
#onoff#on  4  75778.24 0 0 22806.38 17453.66    33.97   39.56  36.59  00.17 
#onoff#on  4  75778.24 0 0    32.00    24.00    19.00   00.00  00.00  00.00 
#onoff#off 4  75791.76 0 0 33427.81 34074.22 28426.72  58.04 67.18 48.59 
#onoff#off 4  75791.76 0 0 22793.88 17452.09 34.00  39.19 31.08 00.00 
#onoff#off 4  75791.76 0 0 32.00 24.00 19.00  00.00 00.00 00.00 
#onoff#cal 4  75805.09 0 0 33426.09 34075.50 28431.19  46.14 61.16 64.72 
#onoff#cal 4  75805.09 0 0 22813.22 17445.75 34.00  45.15 32.46 00.00 
#onoff#cal 4  75805.09 0 0 32.00 24.00 19.00  00.00 00.00 00.00 
#onoff#on  5  75818.85 0 0 33431.91 34115.19 28447.28   60.01  52.70  54.39 
#onoff#on  5  75818.85 0 0 22813.88 17447.41    34.00   37.27  41.29  00.00 
#onoff#on  5  75818.85 0 0    32.00    24.00    19.00   00.00  00.00  00.00 
#onoff#off 5  75832.38 0 0 33416.62 34105.41 28454.97  78.81 68.59 59.73 
#onoff#off 5  75832.38 0 0 22825.06 17459.62 33.97  51.47 36.28 00.17 
#onoff#off 5  75832.38 0 0 32.00 24.00 19.00  00.00 00.00 00.00 
#onoff#cal 5  75845.79 0 0 33479.28 34163.53 28489.28  55.50 76.32 72.18 
#onoff#cal 5  75845.79 0 0 22860.44 17469.91 33.97  55.05 34.50 00.17 
#onoff#cal 5  75845.79 0 0 32.00 24.00 19.00  00.00 00.00 00.00 
#onoff#on  6  75859.71 0 0 33535.19 34240.12 28526.06   85.21  68.85  59.02 
#onoff#on  6  75859.71 0 0 22904.94 17514.75    34.00   48.25  39.45  00.00 
#onoff#on  6  75859.71 0 0    32.00    24.00    19.00   00.00  00.00  00.00 
#onoff#off 6  75873.09 0 0 33485.72 34153.28 28514.81  85.72 86.02 72.11 
#onoff#off 6  75873.09 0 0 22876.25 17489.03 34.00  52.94 45.21 00.00 
#onoff#off 6  75873.09 0 0 32.00 24.00 19.00  00.00 00.00 00.00 
#onoff#cal 6  75886.56 0 0 33467.41 34178.75 28545.56  92.48 72.48 60.73 
#onoff#cal 6  75886.56 0 0 22915.97 17507.25 33.97  68.47 42.96 00.17 
#onoff#cal 6  75886.56 0 0 32.00 24.00 19.00  00.00 00.00 00.00 
#onoff#on  7  75900.48 0 0 33513.84 34172.19 28534.03   73.36  74.88  63.62 
#onoff#on  7  75900.48 0 0 22893.91 17493.69    34.00   58.51  38.74  00.00 
#onoff#on  7  75900.48 0 0    32.00    24.00    19.00   00.00  00.00  00.00 
#onoff#off 7  75913.82 0 0 33512.12 34217.00 28559.84  75.39 77.27 61.97 
#onoff#off 7  75913.82 0 0 22911.75 17502.06 34.00  61.43 30.09 00.00 
#onoff#off 7  75913.82 0 0 32.00 24.00 19.00  00.00 00.00 00.00 
#onoff#cal 7  75927.25 0 0 33534.66 34220.50 28583.50  93.26 87.96 65.94 
#onoff#cal 7  75927.25 0 0 22921.00 17512.59 33.97  52.81 31.24 00.17 
#onoff#cal 7  75927.25 0 0 32.00 24.00 19.00  00.00 00.00 00.00 
#onoff#on  8  75941.06 0 0 33534.16 34218.03 28558.34   73.54  81.73  70.82 
#onoff#on  8  75941.06 0 0 22907.53 17506.75    33.97   45.98  42.65  00.17 
#onoff#on  8  75941.06 0 0    32.00    24.00    19.00   00.00  00.00  00.00 
#onoff#off 8  75954.31 0 0 33592.16 34294.44 28603.91  58.00 85.41 68.46 
#onoff#off 8  75954.31 0 0 22965.19 17528.44 34.00  61.47 42.48 00.00 
#onoff#off 8  75954.31 0 0 32.00 24.00 19.00  00.00 00.00 00.00 
#onoff#cal 8  75967.65 0 0 33560.03 34271.09 28618.03  75.38 84.15 64.34 
#onoff#cal 8  75967.65 0 0 22940.66 17514.50 34.00  50.00 44.79 00.00 
#onoff#cal 8  75967.65 0 0 32.00 24.00 19.00  00.00 00.00 00.00 
#onoff#on  9  75981.77 0 0 33541.00 34247.16 28588.69   55.70  60.84  56.99 
#onoff#on  9  75981.79 0 0 22921.50 17509.72    34.00   48.20  37.71  00.00 
#onoff#on  9  75981.79 0 0    32.00    24.00    19.00   00.00  00.00  00.00 
#onoff#off 9  75995.32 0 0 33504.12 34246.97 28564.94  68.96 58.29 57.17 
#onoff#off 9  75995.32 0 0 22909.34 17507.28 34.00  46.59 37.58 00.00 
#onoff#off 9  75995.32 0 0 32.00 24.00 19.00  00.00 00.00 00.00 
#onoff#cal 9  76008.63 0 0 33516.19 34221.09 28571.28  55.65 73.57 59.30 
#onoff#cal 9  76008.63 0 0 22903.31 17503.88 34.00  35.50 33.64 00.00 
#onoff#cal 9  76008.63 0 0 32.00 24.00 19.00  00.00 00.00 00.00 
#onoff#on  10 76022.52 0 0 33535.97 34246.41 28575.19   65.47  72.80  73.19 
#onoff#on  10 76022.52 0 0 22915.69 17507.44    34.00   42.64  26.78  00.00 
#onoff#on  10 76022.52 0 0    32.00    24.00    19.00   00.00  00.00  00.00 
#onoff#off 10 76036.17 0 0 33502.31 34225.94 28575.81  81.16 71.78 53.96 
#onoff#off 10 76036.17 0 0 22898.94 17501.78 34.00  41.07 35.45 00.00 
#onoff#off 10 76036.17 0 0 32.00 24.00 19.00  00.00 00.00 00.00 
#onoff#cal 10 76049.61 0 0 33514.97 34245.34 28557.28  82.08 60.22 48.73 
#onoff#cal 10 76049.61 0 0 22904.22 17504.97 34.00  45.28 30.26 00.00 
#onoff#cal 10 76049.61 0 0 32.00 24.00 19.00  00.00 00.00 00.00 
#onoff#sefd              224.59 37.88 0.00  0.00   0.00  0.00  
#onoff#sefd              224.59 37.88 0.00  0.00   0.00  0.00  
#onoff#sefd              224.59 37.88 0.00  0.00   0.00  0.00  
#onoff#sefd              224.59 37.88 0.00  0.00   0.00  0.00  
#onoff#sefd              224.59 37.88 0.00   0.00  
#onoff#fluxsrc  gal      224.59 37.88 0.00  0.00   0.00  0.00  
#onoff#fluxsrc  gal      224.59 37.88 0.00  0.00   0.00  0.00  
#onoff#fluxsrc  gal      224.59 37.88 0.00  -0.70  0.00  0.46  
#onoff#fluxsrc  gal      224.59 37.88 -1.00 -1.00  0.00  0.00  
#onoff#fluxsrc  gal      224.59 37.88 -1.00  0.00  
